g_in = 0.00 db
g_out = 0.00 db
scs_m = 0
scs_s = 0
sct_m = 0
sct_s = 0
scm_m = 1
scm_s = 1
sla_m = 19.85888
sla_s = 19.85888
scl_m = false
scl_s = false
scs_m = 0
scs_s = 0
scr_m = 10.00000
scr_s = 10.00000
scp_m = 0.00 db
scp_s = 0.00 db
shpm_m = 0
shpm_s = 0
shpf_m = 10.00000
shpf_s = 10.00000
slpm_m = 0
slpm_s = 0
slpf_m = 20000.00000
slpf_s = 20000.00000
cm_m = 0
cm_s = 0
al_m = -16.00 db
al_s = -16.00 db
at_m = 4.00000
at_s = 4.00000
rrl_m = -16.00 db
rrl_s = -16.00 db
rt_m = 0.18500
rt_s = 0.18500
cr_m = 2.20000
cr_s = 2.20000
kn_m = -24.00 db
kn_s = -24.00 db
bth_m = -72.0000 db
bth_s = -72.0000 db
bsa_m = 6.0000 db
bsa_s = 6.0000 db
mk_m = 0.00 db
mk_s = 0.00 db
cdr_m = -inf db
cdr_s = -inf db
cwt_m = 0.00 db
cwt_s = 0.00 db
