g_in = 0.00 db
g_out = 0.00 db
sscs_m = 0
sscs_s = 0
sct_m = 0
sct_s = 0
scm_m = 1
scm_s = 1
sla_m = 0.00000
sla_s = 0.00000
scl_m = false
scl_s = false
scs_m = 0
scs_s = 0
scr_m = 10.00000
scr_s = 10.00000
scp_m = 0.00 db
scp_s = 0.00 db
shpm_m = 0
shpm_s = 0
shpf_m = 106.00000
shpf_s = 106.00000
slpm_m = 0
slpm_s = 0
slpf_m = 2165.00000
slpf_s = 2165.00000
cm_m = 0
cm_s = 0
al_m = -22.00 db
al_s = -22.00 db
at_m = 5.16000
at_s = 5.16000
rrl_m = -inf db
rrl_s = -inf db
rt_m = 0.00112
rt_s = 0.00112
cr_m = 4.30000
cr_s = 4.30000
kn_m = -3.08 db
kn_s = -3.08 db
bth_m = -72.0000 db
bth_s = -72.0000 db
bsa_m = 6.0000 db
bsa_s = 6.0000 db
mk_m = 0.00 db
mk_s = 0.00 db
cdr_m = -inf db
cdr_s = -inf db
cwt_m = 0.00 db
cwt_s = 0.00 db
