g_in = 0.00 db
g_out = 0.00 db
sscs_m = 0
sscs_s = 0
sct_m = 0
sct_s = 0
scm_m = 1
scm_s = 1
sla_m = 2.10000
sla_s = 2.10000
scl_m = false
scl_s = false
scs_m = 0
scs_s = 0
scr_m = 10.00000
scr_s = 10.00000
scp_m = 0.00 db
scp_s = 0.00 db
shpm_m = 1
shpm_s = 1
shpf_m = 110.00000
shpf_s = 110.00000
slpm_m = 1
slpm_s = 1
slpf_m = 7000.00000
slpf_s = 7000.00000
cm_m = 0
cm_s = 0
al_m = -9.00 db
al_s = -9.00 db
at_m = 16.00000
at_s = 16.00000
rrl_m = -inf db
rrl_s = -inf db
rt_m = 90.00000
rt_s = 90.00000
cr_m = 1.75000
cr_s = 1.75000
kn_m = -24.00 db
kn_s = -24.00 db
bth_m = -72.0000 db
bth_s = -72.0000 db
bsa_m = 6.0000 db
bsa_s = 6.0000 db
mk_m = 0.00 db
mk_s = 0.00 db
cdr_m = -inf db
cdr_s = -inf db
cwt_m = 0.00 db
cwt_s = 0.00 db
