g_in = 0.00 db
g_out = 0.00 db
sscs_l = 0
sscs_r = 0
sct_l = 0
sct_r = 0
scm_l = 1
scm_r = 1
sla_l = 2.10000
sla_r = 2.10000
scl_l = false
scl_r = false
scs_l = 0
scs_r = 0
scr_l = 10.00000
scr_r = 10.00000
scp_l = 0.00 db
scp_r = 0.00 db
shpm_l = 1
shpm_r = 1
shpf_l = 110.00000
shpf_r = 110.00000
slpm_l = 1
slpm_r = 1
slpf_l = 7000.00000
slpf_r = 7000.00000
cm_l = 0
cm_r = 0
al_l = -9.00 db
al_r = -9.00 db
at_l = 16.00000
at_r = 16.00000
rrl_l = -inf db
rrl_r = -inf db
rt_l = 90.00000
rt_r = 90.00000
cr_l = 1.75000
cr_r = 1.75000
kn_l = -24.00 db
kn_r = -24.00 db
bth_l = -72.0000 db
bth_r = -72.0000 db
bsa_l = 6.0000 db
bsa_r = 6.0000 db
mk_l = 0.00 db
mk_r = 0.00 db
cdr_l = -inf db
cdr_r = -inf db
cwt_l = 0.00 db
cwt_r = 0.00 db
