g_in = 0.00 db
g_out = 0.00 db
sscs_l = 0
sscs_r = 0
sct_l = 0
sct_r = 0
scm_l = 1
scm_r = 1
sla_l = 2.10000
sla_r = 2.10000
scl_l = false
scl_r = false
scs_l = 0
scs_r = 0
scr_l = 10.00000
scr_r = 10.00000
scp_l = 0.00 db
scp_r = 0.00 db
shpm_l = 1
shpm_r = 1
shpf_l = 300.00000
shpf_r = 300.00000
slpm_l = 1
slpm_r = 1
slpf_l = 5000.00000
slpf_r = 5000.00000
cm_l = 0
cm_r = 0
al_l = -6.00 db
al_r = -6.00 db
at_l = 0.20500
at_r = 0.20500
rrl_l = -inf db
rrl_r = -inf db
rt_l = 434.61703
rt_r = 434.61703
cr_l = 1.20000
cr_r = 1.20000
kn_l = 0.00 db
kn_r = 0.00 db
bth_l = -72.0000 db
bth_r = -72.0000 db
bsa_l = 6.0000 db
bsa_r = 6.0000 db
mk_l = 0.00 db
mk_r = 0.00 db
cdr_l = -inf db
cdr_r = -inf db
cwt_l = 0.00 db
cwt_r = 0.00 db
