g_in = 0.00 db
g_out = 0.00 db
sscs = 0
sct = 0
scm = 1
sla = 0.00000
scl = false
scs = 0
scr = 10.00000
scp = 0.00 db
shpm = 1
shpf = 90.00000
slpm = 2
slpf = 5000.00000
cm = 0
al = -12.00 db
at = 16.00000
rrl = -inf db
rt = 100.00000
cr = 4.40000
kn = -14.00 db
bth = -72.0000 db
bsa = 6.0000 db
mk = 0.00 db
cdr = -60.00 db
cwt = 0.00 db
