g_in = 0.00 db
g_out = 0.00 db
sscs = 0
sct = 0
scm = 1
sla = 2.10000
scl = false
scs = 0
scr = 10.00000
scp = 0.00 db
shpm = 1
shpf = 110.00000
slpm = 1
slpf = 7000.00000
cm = 0
al = -9.00 db
at = 16.00000
rrl = -inf db
rt = 90.00000
cr = 1.75000
kn = -24.00 db
bth = -72.0000 db
bsa = 6.0000 db
mk = 0.00 db
cdr = -inf db
cwt = 0.00 db
