g_in = 0.00 db
g_out = 0.00 db
sscs = 0
sct = 0
scm = 1
sla = 2.10000
scl = false
scs = 0
scr = 10.00000
scp = 0.00 db
shpm = 2
shpf = 25.00000
slpm = 2
slpf = 20000.00000
cm = 0
al = -10.00 db
at = 0.00549
rrl = -inf db
rt = 101.00000
cr = 100.00000
kn = 0.00 db
bth = -72.0000 db
bsa = 6.0000 db
mk = 0.00 db
cdr = -inf db
cwt = 0.00 db
