g_in = 0.00 db
g_out = 0.00 db
sscs = 0
sct = 0
scm = 1
sla = 19.85888
scl = false
scs = 0
scr = 10.00000
scp = 0.00 db
shpm = 0
shpf = 10.00000
slpm = 0
slpf = 20000.00000
cm = 0
al = -12.00 db
at = 0.60000
rrl = -12.00 db
rt = 0.11500
cr = 4.50000
kn = 0.00 db
bth = -72.0000 db
bsa = 6.0000 db
mk = 0.00 db
cdr = -47.55 db
cwt = 0.00 db
