g_in = 0.00 db
g_out = 0.00 db
sscs = 0
sct = 0
scm = 1
sla = 0.00000
scl = false
scs = 0
scr = 10.00000
scp = 0.00 db
shpm = 0
shpf = 106.00000
slpm = 0
slpf = 2165.00000
cm = 0
al = -22.00 db
at = 5.16000
rrl = -inf db
rt = 0.00112
cr = 4.30000
kn = -3.08 db
bth = -72.0000 db
bsa = 6.0000 db
mk = 0.00 db
cdr = -inf db
cwt = 0.00 db
