g_in = 0.00 db
g_out = 0.00 db
sscs = 0
sct = 0
scm = 1
sla = 0.00000
scl = false
scs = 0
scr = 10.00000
scp = 0.00 db
shpm = 2
shpf = 20.00000
slpm = 2
slpf = 20000.00000
cm = 0
al = -28.00 db
at = 3.00000
rrl = -inf db
rt = 136.28499
cr = 2.29000
kn = -20.40 db
bth = -72.0000 db
bsa = 6.0000 db
mk = 0.00 db
cdr = -inf db
cwt = 0.00 db
