g_in = 0.00 db
g_out = 0.00 db
sscs = 0
sct = 0
scm = 1
sla = 12.00000
scl = false
scs = 0
scr = 10.00000
scp = 0.00 db
shpm = 2
shpf = 120.00000
slpm = 1
slpf = 5500.00000
cm = 0
al = -24.00 db
at = 58.00000
rrl = -inf db
rt = 10.00000
cr = 4.00000
kn = 0.00 db
bth = -72.0000 db
bsa = 6.0000 db
mk = 0.00 db
cdr = -inf db
cwt = -18.00 db
